66188 287021
10351 17108
243702 272661
232548 322022
63374 286368
173186 330537
124919 223833
91186 411241
251705 328938
46803 95427
18493 30103
48102 61141
153721 341116
182084 287993
26312 89660
73622 401261
43419 156773
22548 158979
57037 95589
66837 74235
83914 83915
41986 213923
209208 209210
154288 222035
178056 178057
233572 298573
135905 135906
63490 216635
209048 209050
239264 251561
8924 261735
65263 168206
23993 24431
103589 373999
65977 287910
26555 113568
66076 71171
306216 306217
275266 275267
246094 405784
6909 64622
104771 129162
164908 403372
183196 269826
130199 133189
116936 328009
75790 112215
136126 136127
60084 388404
205734 205735
25338 46943
200062 268255
117792 166916
298905 298906
9790 189795
44526 177812
4207 96925
230272 230274
128648 128649
103926 116551
62490 165537
109397 184138
148201 356562
130662 136148
98329 207752
286462 318439
30675 71552
205332 423989
190315 220082
248098 267879
89117 152979
97492 106806
135208 215426
160388 183468
265 474
42999 288314
114817 251659
98579 116830
254583 277705
265620 265626
158618 169904
106615 243784
228078 306646
100606 402335
26573 26574
74426 180128
267711 294608
102303 287006
108560 132235
265053 265054
125795 173156
207780 324603
112720 128274
48016 48020
210876 220714
16688 211212
224209 256910
213965 222938
68296 375291
36887 83373
96471 413491
103124 143760
69163 95429
8211 118912
74981 209899
172530 194401
20063 194132
7160 50008
186226 186230
383532 390578
229731 278565
90906 110215
26440 219949
39452 58504
49742 254112
25736 25737
29542 217797
21633 99773
5867 5928
20518 201546
87784 195510
35481 409162
44526 124756
111998 125384
104480 243735
328165 367066
7950 215334
137301 277382
194347 243632
24329 40171
185440 199585
266474 318054
61243 71130
76065 313674
191909 214423
164831 185911
90624 353203
100285 327516
132821 132824
24061 211290
26093 170065
89690 116832
145574 217084
92244 242483
135938 381598
28627 184232
68720 155287
193914 223972
23818 25415
64530 338974
130318 202081
98380 197018
264448 264450
77339 203040
40756 133284
218768 312418
232248 248947
31443 58158
14406 194449
145655 209522
36125 384500
252041 406958
77090 228317
15206 45746
11844 152604
244839 302605
98381 175490
358390 386678
50788 245201
64021 157740
219695 221140
31869 31870
93672 341869
241022 253933
325477 328986
23330 62554
241105 312371
286793 360357
86273 86274
359934 359937
225010 269974
225264 322134
281939 335256
12401 75317
259566 259568
25913 128329
234833 417586
168505 410753
61502 215611
145616 343196
121868 121869
105432 124109
52462 135204
257185 257187
158906 158907
214399 391145
204298 410189
17247 72908
252413 361639
147477 228668
107920 125724
76105 99483
4877 284562
63697 252930
93672 156616
38902 189777
37624 46547
229118 247465
164460 172067
12590 55086
181895 181896
97381 248887
293375 293377
136252 187246
225860 314629
2312 228467
197752 347983
15344 19998
2539 32926
96354 179343
294024 333062
326475 326476
65148 157483
70017 328704
24426 107979
9524 52713
206419 256055
209436 219225
102857 298763
40199 198744
204606 204608
25917 32879
4473 116975
139401 390341
133298 184159
81773 85529
16762 230839
23210 28025
404588 404589
148621 313652
26475 26476
194477 256757
85022 168005
67676 295143
146109 231663
218682 218683
36731 161687
233120 233121
137348 194413
54359 65457
257569 257579
21634 38615
274909 297031
142075 155422
60721 64120
34463 34609
7400 94942
75765 91302
253867 254534
272388 300824
116522 192508
100471 211749
223351 323410
97590 404927
139431 363886
74181 176002
51084 66593
19355 31243
44511 44512
205139 220461
35230 120015
146875 146876
138469 387643
32775 34035
41065 61922
222538 301349
183268 405587
40412 81707
22068 127507
38627 81393
114935 271627
11851 338488
18948 94336
75799 95119
257023 307090
47471 52424
178549 346300
24828 74804
295103 295107
271554 284563
13804 79289
38953 95122
29082 52768
17621 193981
301815 311214
8027 21921
15442 56505
125848 130085
182841 182848
205808 205809
42913 408511
64385 214586
299857 308337
178018 396055
212641 243243
19120 43153
65308 408197
39141 205123
4071 342547
233291 274326
103346 262338
106836 203187
4389 22659
139477 346902
83209 259353
162660 231431
161961 253612
50793 61320
73753 421867
262983 263245
153897 153898
47298 126537
68935 262563
271305 275120
222103 342281
206681 232133
306521 306522
59813 362714
166183 210468
173288 184606
144020 148907
171801 203181
152504 154608
386505 398135
302427 302428
26926 325477
291693 323779
193978 361648
32845 374952
215530 215531
84661 260796
92499 315560
55046 202474
34265 288216
8699 89931
72519 191081
15922 120636
50759 205532
1953 3965
48169 117562
102956 195171
38991 74872
73068 301565
19125 103800
373687 382871
160499 227082
23399 50869
138908 361011
39312 125140
21468 24909
194268 347914
24297 318291
60642 215313
230781 288324
54459 332612
8511 27078
89167 150276
182590 187980
179483 269413
30425 72133
65919 65920
234581 260616
162903 309406
75270 84624
206400 258237
12110 27432
43891 226938
16381 309881
84341 189980
16390 37784
164727 393917
137529 244233
92235 96417
261232 263456
203456 203457
216820 308942
44946 218932
50840 176760
213965 218534
9812 17501
52794 412159
199687 317946
36528 155419
34418 287351
322466 366345
190093 298950
17714 138039
280698 335279
120275 127119
376260 376263
61937 245153
133266 222794
50963 67392
123117 248724
184901 187829
130791 164870
69559 125287
8027 185009
45770 150808
257 13262
43662 43663
169257 169259
148682 160781
172795 213030
64475 78222
45231 74723
32473 33078
215151 215153
113583 159404
215870 220294
90626 135018
44646 76473
228975 249198
185723 196136
80664 82514
322880 363835
194028 297414
16774 91840
62770 176235
21037 31868
12820 155462
74702 193835
61179 92380
370037 373563
2304 67930
44592 68714
72713 163562
234780 286322
45636 378891
41947 258036
109479 330195
10198 205446
66715 220098
225374 274209
151823 397455
13255 220532
142117 163203
168040 175585
375577 375580
367615 381677
35481 148970
55900 116246
219771 276800
329883 349090
89996 150222
59757 159278
231598 231599
271627 412653
46143 47133
102504 215247
234440 234443
259845 290419
83925 143026
40665 61545
307327 324941
271527 421082
359974 365228
28928 69807
29073 345740
44566 98668
169107 267669
69432 71241
76611 76612
295347 295348
22554 27351
90065 413972
265683 325554
321329 321330
78064 132926
63762 268080
168466 180890
5366 291674
90095 94202
38686 44566
18057 107963
129487 131318
223369 333333
33149 118544
145650 145651
73169 143464
13830 217568
276137 387440
27571 32889
198120 228060
91910 111947
26290 268439
44511 217518
190181 267285
106666 140119
53899 59799
29502 336211
135808 419197
66992 222845
397577 397578
407285 423515
26490 65718
198231 277289
159609 159610
187730 368259
30035 84917
328989 328990
136263 350236
62829 73524
49589 396966
53169 121042
33667 69268
23001 89291
243698 243701
244841 244842
38654 189867
19097 48956
142777 213083
9785 341287
62550 276801
89383 192111
80188 319770
2805 11280
289618 293797
58849 191575
272358 411535
322268 322275
26490 65719
54350 59501
29508 287845
56090 174279
204761 215053
334042 411344
239194 414445
292378 378801
86881 86882
6607 32926
217054 332594
40264 43193
24220 38609
93190 306461
308184 308185
104082 201381
24105 133920
124985 131429
246869 282353
50718 317384
283905 355932
36664 36667
3248 193111
6158 57114
96448 96449
118350 128101
28627 126377
28792 66337
146097 146703
186523 245434
100188 232010
104285 153866
96693 96905
74073 304260
334962 377125
109192 149151
174700 241405
48134 122434
46964 289523
86721 131563
63109 153609
6794 14703
86907 259942
168035 168038
267788 282390
13191 13492
257755 331688
330454 330456
342142 342147
387086 390127
15653 48591
58988 100408
46643 152537
29976 206933
4316 6947
82013 202295
143694 407449
158406 311246
109201 116186
235607 263629
205621 261545
286315 286328
56742 73362
33415 166674
91866 362747
295759 353823
345327 353558
266312 308574
13993 105208
100252 299323
87243 261231
361432 361434
321576 377298
278828 360350
155117 157062
160798 173293
60186 60188
220039 229454
328960 338785
78032 162704
41329 72070
258065 258067
59902 150644
16091 156650
15326 217310
181904 218257
232182 232186
86142 195012
228071 396889
34628 37494
329237 355470
275680 337819
25594 194147
101794 225425
55340 313315
116774 166824
25956 100143
71041 173701
94539 95905
305052 333383
68296 71706
172552 384305
272328 384228
41448 216939
205312 365549
51933 77575
404660 409531
83917 222310
141228 259791
110275 255273
177820 229124
299436 308113
24934 41458
106674 138814
119935 120081
64299 200325
352322 379563
166439 177348
113526 406630
123154 127119
2422 17948
293814 331982
369985 376965
54022 58877
39090 59814
42148 76366
289872 336822
332228 346279
85530 253745
57571 91141
53466 122355
18589 85785
257309 375088
70493 119283
326103 326106
14134 55093
15784 239018
52499 86194
140691 249052
131884 412309
30976 53291
87841 335754
369013 369014
23736 147600
261020 261021
257533 270051
69613 109947
105338 123998
97991 97995
27069 77980
8072 52405
13884 24412
159863 172219
46489 85814
236294 236295
41993 85067
59811 186437
158651 165005
14134 94347
82940 396954
158783 310372
24100 45746
75671 93217
43996 366225
408920 408923
220984 379264
37670 74152
184239 248556
267669 335540
37335 67153
63995 118915
72293 100281
205953 216435
231151 238624
161443 406191
221187 389818
42765 395081
259564 259570
206772 208632
27777 129653
15400 109597
174984 204916
227074 228425
3806 110709
8519 36040
157670 173659
146397 195271
312272 315310
178698 308991
287487 287489
27247 150005
81342 416844
37655 39895
191966 380472
68242 141841
147029 208301
202634 357753
167603 167604
166857 217096
373747 415629
394514 394515
41137 263078
80949 236386
21759 94883
285746 318175
175284 340165
93476 144671
66332 124161
151669 229643
256959 280574
237765 266158
37531 52668
42608 219462
327711 327712
108504 245144
108212 269097
406266 418920
40325 91870
208430 313624
90486 195384
59339 196979
15628 212761
62528 215113
133848 133849
378893 387517
88743 237217
35983 36014
9806 22379
59907 220031
175279 187865
118446 286197
37569 105049
97706 97707
57549 141194
230197 409277
368172 404921
48095 68404
207714 242993
179962 213512
79656 81614
216680 216681
298766 376822
115696 118598
27585 31396
178875 186365
240854 372932
31178 31179
86909 125122
91011 267593
71047 194739
288523 291704
108358 310527
139815 351094
65990 212979
283153 379727
52963 129040
364106 364108
365312 377095
142009 324290
3637 62406
168862 172026
258848 258850
293364 293365
10911 104025
246286 402727
22762 137187
98359 223553
38867 211980
52745 130625
347635 347636
239439 239442
178828 275630
154999 157082
23899 162659
120390 205488
204411 204606
164813 164816
21753 52989
239047 239997
95556 310610
132204 263741
253097 303202
26622 47045
191081 191082
20741 272963
33754 227032
134578 134579
367283 401644
70332 190488
75917 209780
199804 361649
296782 298204
55539 132237
239102 257913
165131 348781
1596 2230
173754 387370
61 384514
49737 211457
61025 69688
2841 75662
63431 75650
110456 286391
284659 284660
153885 302242
360069 361658
365518 398545
134269 194245
183773 237935
166343 195504
7236 257023
168901 233649
2131 38949
42041 276524
11711 279943
32833 128796
167127 408366
229543 360286
57221 75655
51548 51549
270870 335047
118592 127077
40145 58334
284382 340143
36081 36082
330596 370859
127910 366641
19132 38113
27944 165790
39221 155837
6065 32889
32708 35860
22611 89690
390698 393154
109385 116113
110162 144279
162165 267152
63429 337801
365266 365267
86473 134024
186665 186668
161300 161717
157930 421617
145978 147757
55885 66095
10813 297847
59501 373378
179191 303558
59949 163379
255777 324994
224460 306194
135474 135475
87064 141051
60135 60136
161075 373563
97135 238714
273537 323495
342073 384896
403798 412972
384396 392068
129608 384289
119079 182538
163293 195688
106256 177459
8872 29663
142694 320902
278525 408650
260947 263247
52014 57558
13124 233871
296548 425720
29897 64547
270848 373439
304509 384924
10132 63205
19645 232063
155652 328426
25378 348522
258512 422661
195346 369003
252390 378992
248096 322894
414 1127
185249 398660
48525 113591
116751 332181
325588 353852
198307 416524
337582 355367
68353 134149
241942 253054
53780 403356
156643 167407
342823 369952
37998 264516
108177 216820
219477 219478
109069 315153
220145 232206
17653 243934
13560 33605
176446 268579
23233 53646
168421 266818
318845 343920
224672 261147
60051 197115
33308 171427
72915 216448
331113 389308
194371 277255
197917 248079
157536 174468
3736 18167
18615 205355
149385 266173
33407 123063
74229 159112
24794 41128
296697 364743
290320 322910
221121 221122
220667 220669
206369 328012
241398 335913
99908 157495
39141 187444
27777 34135
71266 366669
221518 252479
87461 305552
373982 387328
7360 12113
31911 172678
390534 425408
25313 194892
57339 360848
117448 168855
153758 311798
144907 303849
54780 120886
129359 148086
10657 25150
92413 164231
91490 175297
40663 338680
21455 26641
37298 171120
234665 234667
61171 77314
33834 76477
73561 169464
77711 115744
159556 179387
15289 59584
61546 123113
308275 361659
7527 7864
44896 336769
318932 332788
199996 280149
78600 135624
386058 386059
161271 401901
147057 275326
146776 207050
198279 376855
135015 147254
